version https://git-lfs.github.com/spec/v1
oid sha256:5e9bcf1220003bb3b53397b2a1d39030eb17be51ef3314fe2932e3b6ceaf8b5b
size 5730632
